10
10
0.0 11111.111111111111 22222.222222222223 33333.333333333336 44444.444444444445 55555.555555555555 66666.66666666667 77777.77777777778 88888.88888888889 100000.0 
0.0 0.1111111111111111 0.2222222222222222 0.3333333333333333 0.4444444444444444 0.5555555555555556 0.6666666666666666 0.7777777777777777 0.8888888888888888 1.0 

0.0 0.0 0.0 0.0 0.0 0.0 0.0 0.0 0.0 0.0 
66.8967211642655 73.6904258212176 75.3066545237257 77.0808161706044 78.3368629760132 79.2996146185076 80.0224440500381 80.5677083573471 80.9774852908327 81.2831251214897 
102.981710574939 122.53613341975 132.277017009366 140.215636634982 146.334722739549 150.984838145075 154.47576397574 157.07994957753 159.017561718865 160.456130702604 
0.0 0.0 0.0 0.0 0.0 0.0 0.0 0.0 0.0 0.0 
0.0 0.0 0.0 0.0 0.0 0.0 0.0 0.0 0.0 0.0 
0.0 0.0 0.0 0.0 0.0 0.0 0.0 0.0 0.0 0.0 
0.0 0.0 0.0 0.0 0.0 0.0 0.0 0.0 0.0 0.0 
0.0 0.0 0.0 0.0 0.0 0.0 0.0 0.0 0.0 0.0 
0.0 0.0 0.0 0.0 0.0 0.0 0.0 0.0 0.0 0.0 
0.0 0.0 0.0 0.0 0.0 0.0 0.0 0.0 0.0 0.0 
