15
15
0.0 7142.857142857143 14285.714285714286 21428.571428571428 28571.428571428572 35714.28571428572 42857.142857142855 50000.0 57142.857142857145 64285.71428571429 71428.57142857143 78571.42857142858 85714.28571428571 92857.14285714286 100000.0 
0.0 0.07142857142857142 0.14285714285714285 0.21428571428571427 0.2857142857142857 0.3571428571428571 0.42857142857142855 0.5 0.5714285714285714 0.6428571428571428 0.7142857142857142 0.7857142857142857 0.8571428571428571 0.9285714285714285 1.0 

0.0 0.0 0.0 0.0 0.0 0.0 0.0 0.0 0.0 0.0 0.0 0.0 0.0 0.0 0.0 
78.7862857800687 74.4845915241983 77.5496234217322 82.1411636404448 85.6434589478104 88.0133118152981 88.720961637093 88.5145843818309 87.8704560376174 87.0597655440213 86.8677471561513 87.5008349384752 88.5529937032243 89.4763616222803 90.0529114706909 
134.351631835495 132.082283842 139.495804327485 148.046179144646 154.97719933057 159.992664035914 163.529389298144 164.846070301481 165.718452497191 166.433250566567 167.58019257562 169.024187089849 170.647670492021 172.352273643596 174.060231912863 
167.358376941592 170.624210891235 185.16331270842 199.695845496552 210.376461172451 219.240635461848 224.433599927865 229.863734982874 235.717786737154 239.925155549084 244.0783948494 246.316689647562 248.000295488755 249.429957257402 251.47916728501 
181.837653839279 194.272476146175 217.009148693807 237.612934493398 254.241251838149 267.17985396295 277.072113520972 286.429904960447 296.6880252758 304.677437427796 312.921248746411 318.437271284392 323.760817458632 328.79316115456 333.249974708374 
190.482164358647 211.065874268226 237.454062449872 263.329944408022 285.785726972216 304.255676545624 321.968678369 335.39514391372 349.235307370614 362.481865069124 371.804375838084 381.371787481377 390.483810259651 396.919327987609 403.479631367422 
190.37370605609 216.566485348886 248.538314169573 281.46102861818 310.079191146195 335.379908075981 355.807053815365 376.651235894915 392.672576012554 410.747137065074 425.179539296225 441.400353640539 452.551287965865 463.834881834652 475.086348074429 
188.119989256018 214.687023158283 252.7838680217 289.504153101263 324.065104227379 354.360099348259 382.516522835228 410.003804342452 434.157606738964 457.899842381283 476.120945898704 493.159174559 514.407789010735 523.943019450974 535.557075379291 
181.803361156657 211.157682182824 255.86959271721 296.409375766759 337.755523079513 374.298136185149 406.886613181338 437.648280724896 467.998892054139 494.836890220887 521.445045965739 541.959073815717 563.178081798957 583.217670651961 601.7850221829 
188.057953474959 209.41675697628 255.083080272315 299.287015113681 341.626218259264 385.691777648836 426.158703585746 462.069679110748 495.861751985991 529.1550752182 560.208386851722 589.221335023052 613.686979976287 639.186831785487 656.07584516973 
0.0 0.0 0.0 0.0 0.0 0.0 0.0 0.0 0.0 0.0 0.0 0.0 0.0 0.0 0.0 
0.0 0.0 0.0 0.0 0.0 0.0 0.0 0.0 0.0 0.0 0.0 0.0 0.0 0.0 0.0 
0.0 0.0 0.0 0.0 0.0 0.0 0.0 0.0 0.0 0.0 0.0 0.0 0.0 0.0 0.0 
0.0 0.0 0.0 0.0 0.0 0.0 0.0 0.0 0.0 0.0 0.0 0.0 0.0 0.0 0.0 
0.0 0.0 0.0 0.0 0.0 0.0 0.0 0.0 0.0 0.0 0.0 0.0 0.0 0.0 0.0 
